12
2 2
2 3
2 4
2 5
2 6
2 7
3 2
3 3
3 4
4 2
4 3
5 2
Case 3:
11 21 12 22 13 23

R=4 S=3
11 21 31 41 12 22 32 42 13 23 33 43
13 23 33 11 21 31 41 12 22 32 42 43
12 22 32 13 23 33 11 21 31 41 42 43
11 21 12 22 32 13 23 33 31
13 23 11 21 12 22 32 33 31


R=3 S=4
11 21 31 12 22 32 13 23 33 14 24 34
14 24 11 21 31 12 22 32 13 23 33 34
13 23 14 24 11 21 31 12 22 32 33 34
12 22 13 23 14 24 11 21 31 32 33 34
11 12 22 13 23 14 24 21 31 32 33 34
14 11 12 22 13 23 24 21 31 32 33 34
13 14 11 12 22 23 24 21 31 32 33 34

11 21 31 12 22 32 13 23 33 14 24 34 15 25 35
15 25 11 21 31 12 22 32 13 23 33 14 24 34 35
14 24 15 25 11 21 31 12 22 32 13 23 33 34 35
13 23 14 24 15 25 11 21 31 12 22 32 33 34 35
12 22 13 23 14 24 15 25 11 21 31 32 33 34 35
11 12 22 13 23 14 24 15 25 21 31 32 33 34 35
15 11 12 22 13 23 14 24 25
14 15 11 12 22 13 23 24 25
13 14 15 11 12 22
