100
2 1
100 20
200 10
2 2
100 20
200 10
3 2
100 10
100 10
100 10
4 2
9 3
7 1
10 1
8 4
10 6
300366 27132
249084 32718
56826 143412
147231 55352
16359 498168
185592 43911
9758 835164
32472 250971
541569 15048
479864 16983
2 2
277704 43401
79254 152076
5 3
41815 740719
42845 722912
38094 813072
660296 46908
114985 269367
7 3
21747 2321
288367 84
25330 2386
289453 54
29334 2264
22652 2898
27891 2481
9 4
22922 2941
25539 2709
27203 2230
22702 2681
298884 38
22985 2798
23490 2815
264281 32
26383 2287
6 4
153387 98728
102942 147108
222138 68172
91676 165186
364572 41538
34314 441324
6 4
803928 67599
67599 803928
269352 201761
85914 632548
294462 184556
343656 158137
6 2
25694 2776
281921 70
26902 2693
265796 70
22204 2984
26113 2202
8 3
150074 516089
164070 472064
271735 285026
82204 942187
271262 285523
266477 290650
261038 296706
87167 888542
8 5
17748 514878
61992 147407
28152 324597
30996 294814
40664 224721
652392 14007
712908 12818
141491 64584
8 2
21855 2678
249442 89
28927 2272
29260 2057
256427 24
26874 2485
22675 2930
27846 2828
4 3
266723 951757
734401 47744
158830 69719
448380 286603
6 4
23186 2143
217949 23
26991 2668
28069 2239
202843 55
29139 2645
9 6
21402 2755
23691 2746
21990 2160
25807 2245
24332 2637
26711 2922
25182 2994
249275 99
250484 75
7 1
3545 302260
3827 371130
19692 45
10438 32
3454 349108
3966 330365
3476 361281
6 3
315809 784867
318608 87922
199707 36425
80227 650692
793072 72748
17120 206331
3 1
207587 78
25828 2298
29776 2107
4 1
24085 2692
237393 79
24026 2572
21901 2754
8 5
55796 165186
37352 246753
231768 39767
57304 160839
502164 18354
107226 85956
25974 354844
330372 27898
5 2
396954 234122
601611 154478
404105 229979
602067 154361
262063 354631
2 1
193418 144760
190699 146824
9 6
44298 634804
36266 775397
52589 534723
160221 175511
745824 37704
50597 555775
314544 89401
353362 79580
182861 153781
2 1
392179 136000
727863 73278
4 3
3926 377269
3135 309287
3302 355833
12127 2
2 1
40406 350725
24859 570071
8 3
931592 581140
408229 264869
88725 998224
324972 794443
744578 726324
901098 88606
817561 661645
663418 114590
7 5
3554 334902
3412 380459
3752 357562
16066 96
3629 325768
10087 28
3785 391072
5 2
26695 2419
241045 92
29900 2103
25731 2270
297103 48
5 3
36708 381582
306153 45752
97223 144072
763164 18354
71079 197064
10 2
3526 334671
3683 392764
3229 308416
3656 349447
3604 344077
3476 301686
15024 73
3600 395343
10095 100
17037 23
10 10
1000000 1000000
1000000 1000000
1000000 1000000
1000000 1000000
1000000 1000000
1000000 1000000
1000000 1000000
1000000 1000000
1000000 1000000
1000000 1000000
1 1
1 1
8 4
997222 71791
611138 747109
919689 42416
846148 380846
836821 756700
602890 315741
592826 334397
230531 288361
5 3
3098 366615
15240 4
3545 349052
3256 309091
12406 52
5 1
3593 342666
15621 85
3334 369318
15008 62
3853 358510
5 1
3846 327318
10308 68
19269 82
3239 394752
3405 319918
9 2
3997 336195
3403 308397
13863 8
3033 360383
12891 38
3922 307242
3728 391405
3403 370779
3531 381739
8 5
475881 29304
147963 94248
257796 54094
17501 796824
48174 289476
175491 79464
176638 78948
868428 16058
9 4
54262 758247
121078 339814
681068 60411
944623 43556
212182 193909
172492 238527
53797 764801
48996 839742
60393 681271
5 3
25769 2346
24825 2104
244884 36
22325 2016
239853 41
3 1
337188 716010
52135 969736
602974 266213
2 1
927738 959583
16681 378998
9 4
3393 395628
3256 362203
3660 387093
18066 1
3386 392818
3560 394975
3870 300412
13725 60
3800 358170
6 3
960126 553864
820826 461671
444635 914254
515314 464759
41680 182186
539580 828073
10 6
76153 194184
167958 88044
811797 18216
37352 395901
59334 249228
22011 671832
19251 768152
496248 29799
264132 55986
252126 58652
4 3
22310 2093
29616 2745
25692 2470
268576 95
8 6
419333 75387
202618 156019
50871 621420
606412 52130
87395 361717
519947 60799
709973 44526
211127 149731
9 2
249113 299213
708003 105279
80405 927030
184135 404800
441711 168748
224716 331698
369880 201519
257600 289355
121003 616000
10 6
194446 137268
960876 27778
500004 53382
507129 52632
30996 861118
35588 750006
92701 287928
531867 50184
251937 105944
278103 95976
10 7
114475 599936
71915 954984
607724 113008
248981 275835
136374 503598
202986 338337
82569 831761
84218 815475
168896 406627
238197 288323
8 6
400042 625899
37421 844999
147506 265462
996774 407945
90804 83160
834153 654928
236949 425677
194807 216176
5 2
27667 2733
25180 2358
253782 67
29322 2488
203159 68
3 1
3292 323002
3205 331269
12328 31
6 2
3362 315172
15392 87
3841 331501
15939 5
3251 350042
3378 331452
4 2
638977 100966
94504 682669
80329 803134
390394 165256
7 1
25578 2855
21743 2509
284355 57
245311 91
23003 2182
20679 2701
21187 2731
4 3
106487 209746
310509 71931
281637 79305
496813 44957
4 1
23721 2738
249099 58
21623 2026
22343 2766
10 7
3505 319922
3351 367212
3463 359906
3095 315648
18915 92
3534 316758
11685 47
3326 366619
16660 90
3253 344347
4 3
29267 2323
23428 2364
259936 61
25211 2016
2 1
464517 53188
134826 183249
10 6
92106 399156
46872 784363
335916 109446
372708 98642
90644 405594
63597 578088
144522 254388
378658 97092
798312 46053
300699 122264
6 4
30381 453096
45942 299628
115661 119016
46748 294462
546858 25172
56088 245427
7 4
95571 308568
55384 532467
222138 132756
53406 552188
801864 36777
90909 324392
201474 146372
6 4
783876 717347
518063 298381
293386 704694
914296 892736
194546 676247
483533 169429
5 1
232264 299450
696678 99833
427538 162679
350424 198478
266860 260629
8 4
940740 568984
366417 473726
169348 554857
961879 248693
978160 526786
576048 453374
194349 503984
633357 643598
2 1
236504 250544
206340 287170
2 1
119741 436868
905213 550061
8 5
923984 57373
310876 717436
382988 137543
905094 111669
424843 177882
64815 937991
693777 28133
813251 218236
6 4
671517 5336
336168 10659
5544 646323
372708 9614
38456 93177
616308 5814
10 3
232036 56
233620 98
23868 2982
21868 2015
27496 2861
24647 2929
256921 82
27158 2954
20128 2293
28650 2518
9 2
3454 363253
11205 9
3043 334976
3698 376600
14457 3
3058 309552
3750 330053
3209 392571
3901 335288
2 1
233837 81
27360 2816
2 1
3921 385394
10178 2
4 3
653365 103916
222845 304674
307500 220797
680591 99759
2 1
222923 238676
436007 122031
10 3
634959 538639
30806 248287
648965 414244
374381 17366
464752 50194
305650 930140
722400 318618
14644 79206
739361 650636
832675 148532
4 3
224434 34452
303688 25461
168084 46002
38709 199752
9 3
242286 197624
789137 240543
842815 975581
569608 535946
563026 542927
921614 724596
162496 968998
317160 166606
982827 527303
3 1
909782 34517
484836 289980
657953 791528
8 5
130393 140133
451508 834016
219270 329884
879160 719648
35442 17500
882420 233686
86751 455945
559108 90014
3 1
252932 78700
330534 60223
141687 140491
3 1
3510 339952
15895 99
3775 351985
2 1
3122 329157
12147 96
10 5
828759 191021
261328 56950
266781 832030
115216 956753
764817 561914
40877 187746
263652 765346
350156 387102
468363 565703
992448 623969
3 2
41354 167076
641886 10764
816408 8463
2 1
181935 154900
869460 946718
4 2
800297 722605
737148 485586
660915 261145
847082 255809
6 4
725496 15939
19866 582084
30636 377454
15318 754908
132867 87032
220248 52503
10 6
456617 53352
90687 268632
111069 219336
46683 521848
40248 605283
260924 93366
234479 103896
53352 456617
634809 38376
62244 391386
4 1
28975 2161
22827 2450
273700 96
22333 2315
7 4
765142 15444
623844 18942
357588 33046
55924 211302
43524 271502
251937 46904
155961 75768
5 3
3203 342698
10827 72
3724 358241
3894 350442
12908 67
9 4
3727 351708
3568 344915
3631 343434
12697 88
3282 315023
3822 396152
3832 308136
3053 351032
13214 44
7 5
15557 91
3865 341392
14559 27
3154 385424
3482 370816
3222 358324
3809 329734
