100
1 1
540 600
840 900
2 0
900 1260
180 540
1 1
1439 1440
0 1
2 0
0 1
1439 1440
2 0
0 360
1080 1430
2 0
1089 1440
1034 1089
1 1
889 1440
808 889
0 2
0 1
1439 1440
2 0
307 494
959 1346
1 1
1362 1371
132 412
0 2
329 719
719 779
2 0
981 1053
1053 1440
2 0
1146 1440
909 947
2 0
798 827
1018 1055
1 1
1343 1403
147 355
0 2
1080 1133
1133 1440
1 0
64 710
0 2
520 787
1381 1440
2 0
479 670
361 479
1 0
53 627
0 2
179 539
540 900
1 1
959 1204
1204 1440
2 0
905 1234
400 574
0 2
180 540
540 900
0 1
252 540
0 2
759 1271
1271 1440
0 2
945 1264
1264 1440
2 0
225 230
1207 1391
0 1
853 966
1 0
521 704
1 0
1070 1440
2 0
175 562
1117 1427
2 0
1079 1429
10 360
0 2
0 360
1080 1440
2 0
954 1183
1183 1440
2 0
10 360
1080 1430
0 2
1403 1440
459 1004
1 1
1048 1440
543 1048
2 0
1057 1383
1383 1440
2 0
760 1069
1394 1440
0 2
1080 1440
11 361
2 0
757 786
1248 1270
1 1
546 793
1223 1440
0 2
1225 1440
144 397
1 1
1088 1093
1093 1114
2 0
886 1138
1138 1415
1 0
1026 1094
1 0
1141 1440
0 1
319 383
0 2
982 985
897 982
2 0
538 539
1148 1440
0 1
1187 1440
0 2
1273 1302
582 1273
2 0
1325 1440
1051 1325
0 1
966 999
0 2
913 975
1278 1440
1 1
1330 1440
979 1330
1 0
332 1052
0 2
183 184
1057 1440
2 0
937 939
242 570
0 2
665 1066
428 631
0 2
1331 1440
1066 1331
1 1
64 415
1056 1440
2 0
11 361
1080 1430
2 0
1107 1179
1280 1440
0 2
518 849
410 518
2 0
1438 1440
1274 1438
2 0
924 1154
1154 1440
2 0
14 87
1242 1384
0 2
894 1177
1435 1440
0 2
649 1073
481 649
0 1
490 950
1 1
0 1
1439 1440
2 0
1046 1440
818 1046
0 1
1088 1440
0 2
831 1111
1111 1440
0 2
391 754
754 844
2 0
1321 1440
654 1229
0 2
1287 1440
725 1287
2 0
1225 1440
638 739
0 2
944 1440
219 220
2 0
977 1440
973 977
2 0
45 711
1439 1440
1 0
1152 1440
2 0
0 360
1079 1429
0 2
1323 1440
747 1323
2 0
1235 1236
844 1235
2 0
776 1440
168 190
0 1
1108 1440
0 2
950 1440
761 948
2 0
637 981
1382 1440
1 1
932 1033
1422 1440
0 2
10 360
1080 1440
1 1
999 1440
919 999
0 2
1036 1440
479 501
0 1
1206 1440
1 1
318 409
409 816
0 2
541 901
180 540
0 2
64 411
1277 1440
0 2
839 1066
1066 1297
