99
2525 1
2400 5
300 2
120 60
60 90
362823910 1
227871140 954
628464718 1
286633973 3081
707034782 1
581329440 3335
1000000000 2
12345676 2
12345675 3
352018812 1
274804322 2469
593589141 1
356820158 4204
829963077 1
541315372 28
830945398 1
595176967 7873
1000000000 2
999999999 2
999999998 3
495907849 1
158331564 3793
867964327 1
166872598 2318
146946353 1
120003111 8467
307644203 1
174974986 7725
816044305 1
104149329 8256
79005795 1
561799 1125
349950738 1
108875558 9293
494617695 1
217788605 5708
2 1
1 10000
384537309 1
263424318 7962
202922925 1
7642955 5154
70823313 1
63060164 5300
1000000000 1
999999999 1
513959310 1
124174778 2345
851629568 1
694095967 7054
912622451 1
573080799 8293
1000000000 2
999000000 1
998000000 1
119447558 1
23251762 1380
1000000000 2
999000000 10000
998000000 10000
661168625 1
416629464 8288
468587413 1
398334510 8852
47926922 1
28396474 281
400763034 1
15816690 8679
358263264 1
197400602 1773
1000000000 1
1 10000
984756588 1
609150816 131
955443704 1
120391210 557
278118441 1
257395901 8814
1000000000 1
999999999 10000
200000 2
5001 1
5000 10
634667423 1
301162745 1622
925376455 1
215009929 8724
42940550 1
7691903 3990
625310355 1
76889054 9954
687364980 1
347252604 2136
342896627 1
47098621 2612
88564391 1
66622727 5447
256840259 1
20218874 3394
62888429 1
8954533 8052
1000000000 2
999999997 3
999999998 2
603109530 1
347647844 2112
528185782 1
430414570 841
318076907 1
211971979 3922
359128573 1
51716355 9223
92869508 1
40598818 1855
222093825 1
87948786 1984
256690426 1
88998498 6038
287857275 1
82484170 5433
796389041 1
518785581 7280
738832619 1
36770017 4614
452411190 1
121196690 1681
504263498 1
126887572 5469
36743792 1
28553549 8821
740639936 1
562617973 4338
808120209 1
526198509 5321
684563144 1
649997818 6
1000000000 2
2 2
1 3
634604870 1
21893530 172
849992593 1
557680294 1457
531248522 1
109850304 5527
2 1
1 1
41917332 1
41313405 2533
821371402 2
1812346 5537
97262224 171
77326995 1
54228196 1914
943283522 1
736222421 8239
914794840 1
879499667 4497
489746578 1
63610788 5156
44629170 1
26219451 7431
811317308 1
445390072 8384
1823412 1
1168881 7649
554434977 1
209835019 1699
180875964 1
109379315 4137
17210850 1
7077724 4505
53305684 1
17256057 6070
861499928 1
105063278 228
1000000000 2
200 10000
100 10000
240271175 2
155979593 7406
107360731 5443
39287732 1
1015098 3299
1000000000 2
999999996 3
999999997 2
43555435 1
42742884 9493
634590399 1
383376663 2900
711059564 1
220725681 7641
538215404 1
187151233 9953
898452127 1
591791222 8790
1000000000 1
1 1
444396023 1
198773267 8335
588519771 1
576023617 6033
807833512 1
409488375 3268
