99
6 2 0 2 0 2 0
3 1 0 2 0 0 0
933 443 0 226 0 264 0
213 91 0 59 0 63 0
4 0 0 2 0 2 0
416 76 0 169 0 171 0
121 31 0 58 0 32 0
495 115 0 151 0 229 0
6 3 0 2 0 1 0
578 129 0 205 0 244 0
1000 500 0 499 0 1 0
7 2 0 3 0 2 0
999 500 0 499 0 0 0
803 195 0 349 0 259 0
478 127 0 131 0 220 0
460 192 0 203 0 65 0
655 209 0 203 0 243 0
991 405 0 359 0 227 0
4 1 0 1 0 2 0
853 389 0 119 0 345 0
1000 250 0 250 0 500 0
676 289 0 293 0 94 0
6 3 0 3 0 0 0
741 38 0 682 0 21 0
16 6 0 5 0 5 0
879 432 0 407 0 40 0
440 197 0 128 0 115 0
667 287 0 228 0 152 0
3 2 0 0 0 1 0
999 499 0 1 0 499 0
575 230 0 185 0 160 0
826 356 0 385 0 85 0
813 225 0 207 0 381 0
758 18 0 650 0 90 0
923 274 0 280 0 369 0
728 169 0 273 0 286 0
238 104 0 111 0 23 0
904 432 0 172 0 300 0
44 4 0 20 0 20 0
4 2 0 0 0 2 0
16 7 0 6 0 3 0
79 26 0 19 0 34 0
24 8 0 11 0 5 0
68 32 0 30 0 6 0
481 18 0 236 0 227 0
150 63 0 54 0 33 0
42 21 0 11 0 10 0
261 102 0 64 0 95 0
226 86 0 88 0 52 0
504 218 0 165 0 121 0
80 0 0 56 0 24 0
495 126 0 205 0 164 0
4 1 0 2 0 1 0
103 37 0 33 0 33 0
727 500 0 159 0 68 0
712 221 0 345 0 146 0
803 461 0 128 0 214 0
707 97 0 312 0 298 0
270 127 0 73 0 70 0
999 499 0 250 0 250 0
3 3 0 0 0 0 0
863 364 0 346 0 153 0
742 168 0 240 0 334 0
4 3 0 1 0 0 0
288 65 0 130 0 93 0
12 12 0 0 0 0 0
120 11 0 32 0 77 0
4 2 0 1 0 1 0
246 9 0 194 0 43 0
55 1 0 27 0 27 0
293 19 0 139 0 135 0
384 189 0 127 0 68 0
946 375 0 466 0 105 0
434 215 0 139 0 80 0
5 2 0 1 0 2 0
1000 499 0 501 0 0 0
1000 500 0 500 0 0 0
861 420 0 161 0 280 0
492 236 0 58 0 198 0
5 3 0 0 0 2 0
600 272 0 279 0 49 0
999 500 0 249 0 250 0
113 23 0 51 0 39 0
293 166 0 48 0 79 0
537 251 0 213 0 73 0
455 162 0 149 0 144 0
5 1 0 1 0 3 0
3 1 0 1 0 1 0
739 563 0 30 0 146 0
119 48 0 53 0 18 0
716 342 0 309 0 65 0
919 437 0 231 0 251 0
999 333 0 333 0 333 0
100 43 0 50 0 7 0
1000 333 0 333 0 334 0
90 41 0 16 0 33 0
345 110 0 123 0 112 0
949 396 0 165 0 388 0
141 30 0 63 0 48 0
