100
4 4
1.4000
0.5000 0.7000 0.8000 0.6000
2 2
1.0000
0.0000 0.0000
2 2
0.0000
0.9000 0.8000
2 2
0.1000
0.4000 0.5000
2 2
0.3333
0.5000 0.5000
45 45
20.7394
0.2827 0.4391 0.4591 0.9024 0.5459 0.3079 0.1734 0.6730 0.3399 0.8371 0.4936 0.4011 0.4164 0.2586 0.4675 0.9357 0.0226 0.4079 0.4165 0.2142 0.6267 0.3764 0.6071 0.8891 0.7232 0.3257 0.4157 0.7832 0.7189 0.2704 0.5740 0.5346 0.9251 0.1509 0.2538 0.7661 0.8828 0.1306 0.9394 0.6065 0.7409 0.6263 0.5562 0.0133 0.0705
46 46
15.0877
0.0460 0.7858 0.4883 0.0710 0.7146 0.1914 0.0627 0.8983 0.2719 0.2981 0.7287 0.6743 0.9160 0.3179 0.3076 0.0561 0.7775 0.6331 0.9731 0.6242 0.0815 0.3453 0.6542 0.5557 0.2363 0.9340 0.7554 0.5460 0.2941 0.9772 0.8353 0.3964 0.3141 0.7307 0.5510 0.2702 0.1269 0.4140 0.0803 0.3495 0.9883 0.9006 0.5339 0.0597 0.9544 0.7676
47 47
18.3258
0.5742 0.5497 0.9505 0.3858 0.3875 0.7346 0.4459 0.7637 0.8689 0.0688 0.5770 0.3885 0.4658 0.3912 0.8128 0.1211 0.6834 0.5140 0.8430 0.7617 0.3397 0.2898 0.5191 0.3495 0.5150 0.9901 0.1249 0.0720 0.8158 0.6301 0.8889 0.8685 0.0103 0.9404 0.1631 0.6234 0.1681 0.1246 0.3865 0.4003 0.6553 0.1714 0.1479 0.7219 0.0487 0.2298 0.8829
1 1
1.0000
0.0000
46 46
15.0727
0.3043 0.5388 0.3916 0.8739 0.6030 0.6519 0.2239 0.9131 0.8558 0.9430 0.7978 0.4743 0.7222 0.7786 0.5124 0.6512 0.5332 0.2929 0.8612 0.8564 0.2804 0.2583 0.2100 0.2458 0.7982 0.6873 0.1126 0.6534 0.1093 0.3714 0.9132 0.1861 0.9164 0.5101 0.8056 0.7175 0.7382 0.9762 0.0910 0.3060 0.4061 0.8332 0.6057 0.1749 0.7031 0.8218
48 48
19.5781
0.5088 0.0262 0.4504 0.6854 0.7494 0.5317 0.8724 0.7587 0.8384 0.5852 0.3141 0.0809 0.0685 0.0094 0.7423 0.0612 0.2049 0.7325 0.5597 0.9741 0.2302 0.8919 0.8819 0.1718 0.4969 0.8142 0.3409 0.5481 0.4129 0.8788 0.5667 0.3562 0.2828 0.1019 0.3082 0.5190 0.7076 0.6136 0.7721 0.1485 0.0234 0.4221 0.8406 0.7337 0.2545 0.5878 0.3387 0.4248
50 50
18.9418
0.3647 0.5194 0.2976 0.7967 0.7901 0.7571 0.7918 0.7825 0.1181 0.8632 0.5156 0.3821 0.6559 0.0382 0.8116 0.4861 0.0220 0.7363 0.2611 0.8891 0.8110 0.9329 0.3436 0.9176 0.6549 0.9191 0.9297 0.1874 0.0690 0.1546 0.6734 0.9845 0.0273 0.5856 0.5157 0.4097 0.8406 0.3437 0.6271 0.7202 0.4714 0.5333 0.4780 0.4277 0.3971 0.0145 0.8220 0.8513 0.8504 0.4350
50 50
18.4929
0.5197 0.7269 0.1963 0.1456 0.5980 0.8348 0.3075 0.3574 0.8665 0.3578 0.8516 0.6318 0.2723 0.2619 0.8200 0.4343 0.9846 0.6556 0.1767 0.2369 0.1983 0.6609 0.0194 0.9873 0.1646 0.3543 0.9741 0.1202 0.1509 0.6035 0.2479 0.4383 0.0730 0.8742 0.5789 0.8942 0.5533 0.3550 0.0343 0.1262 0.6362 0.0872 0.5349 0.5269 0.2759 0.1710 0.6841 0.0652 0.2461 0.6619
50 50
16.7234
0.3108 0.7430 0.5840 0.9523 0.7570 0.1664 0.9233 0.0763 0.9305 0.7798 0.2139 0.1836 0.1630 0.1513 0.7627 0.3040 0.2571 0.8016 0.6524 0.5510 0.5853 0.0519 0.2024 0.1727 0.2182 0.0740 0.6829 0.6387 0.3771 0.3136 0.5726 0.8616 0.8110 0.7445 0.3257 0.6749 0.6079 0.4125 0.4784 0.1233 0.9313 0.7441 0.8945 0.6673 0.9311 0.0412 0.7411 0.3780 0.8909 0.3242
2 2
0.3333
0.0000 0.0000
49 49
18.2673
0.0153 0.7346 0.2029 0.5498 0.8174 0.5555 0.9843 0.7464 0.0504 0.5833 0.8458 0.7381 0.3630 0.5092 0.2053 0.2008 0.1786 0.1101 0.4573 0.6636 0.5624 0.7312 0.8235 0.2056 0.9565 0.2556 0.2064 0.1912 0.5965 0.2672 0.8534 0.8848 0.3109 0.4856 0.5167 0.4726 0.3856 0.0682 0.8692 0.9047 0.5768 0.2270 0.3498 0.8151 0.6142 0.3375 0.7454 0.6229 0.1448
49 49
15.9400
0.8452 0.4402 0.4784 0.0061 0.9619 0.6468 0.4815 0.1871 0.5107 0.1398 0.7566 0.7772 0.6124 0.8388 0.9480 0.5226 0.9726 0.1821 0.7306 0.4809 0.8056 0.4974 0.7506 0.2207 0.6208 0.8064 0.3189 0.0601 0.5928 0.5626 0.5083 0.6168 0.1659 0.3644 0.8299 0.1546 0.9851 0.0729 0.6937 0.0244 0.6139 0.3560 0.9190 0.2278 0.3369 0.6903 0.9041 0.2162 0.7026
48 48
19.0701
0.7485 0.7253 0.4227 0.8346 0.4569 0.4424 0.3005 0.3651 0.8605 0.1599 0.9971 0.9051 0.8292 0.6890 0.7420 0.2887 0.3003 0.7004 0.7003 0.5253 0.7435 0.8910 0.0347 0.6431 0.4488 0.2920 0.8536 0.8154 0.5588 0.1191 0.5351 0.1668 0.2651 0.0241 0.9415 0.3796 0.2860 0.3352 0.9763 0.3443 0.3014 1.0000 0.8808 0.2628 0.6664 0.7712 0.8910 0.2705
47 47
17.1317
0.5937 0.3676 0.4778 0.2067 0.8511 0.9977 0.0049 0.7204 0.3786 0.2779 0.4187 0.6337 0.4896 0.0907 0.2961 0.4268 0.5808 0.1307 0.2636 0.2903 0.0888 0.8049 0.1578 0.3369 0.4547 0.3190 0.6747 0.2876 0.4501 0.7655 0.7693 0.1888 0.0881 0.9394 0.8605 0.5796 0.1992 0.6986 0.8112 0.2714 0.6967 0.9823 0.9329 0.0768 0.9373 0.4908 0.7704
46 46
14.8123
0.3051 0.1590 0.9432 0.7413 0.4038 0.7997 0.9129 0.3071 0.9925 0.8637 0.9246 0.7267 0.7950 0.4515 0.4699 0.6975 0.7322 0.3201 0.0601 0.3914 0.7884 0.5839 0.2891 0.2530 0.0196 0.0766 0.9509 0.9643 0.8561 0.5847 0.7171 0.8212 0.1332 0.5587 0.1301 0.8353 0.4876 0.7158 0.7352 0.7400 0.9672 0.0395 0.0960 0.5361 0.3269 0.0283
49 49
19.6671
0.0621 0.4303 0.4139 0.6424 0.0893 0.4140 0.4255 0.0306 0.7964 0.8518 0.0182 0.1336 0.7790 0.3976 0.3332 0.0935 0.6590 0.8556 0.0116 0.9597 0.5374 0.1765 0.4011 0.9756 0.0217 0.4906 0.9413 0.7146 0.1237 0.2460 0.5592 0.9827 0.6083 0.4092 0.3114 0.5242 0.7752 0.5060 0.4271 0.2789 0.9892 0.3021 0.1196 0.6620 0.3737 0.2869 0.1406 0.9952 0.0401
45 45
19.4148
0.6242 0.0652 0.2960 0.8780 0.1664 0.0443 0.3653 0.6353 0.1257 0.8247 0.5585 0.5533 0.6440 0.4994 0.4718 0.8361 0.3808 0.9712 0.0580 0.4438 0.6234 0.7391 0.9310 0.6098 0.7871 0.3050 0.7246 0.8182 0.8207 0.3480 0.3793 0.8433 0.7197 0.6452 0.8671 0.3949 0.6905 0.0581 0.6642 0.8246 0.1004 0.2148 0.8228 0.0795 0.1145
50 50
26.4475
0.0219 0.0626 0.8177 0.1265 0.3822 0.1080 0.1838 0.4542 0.2094 0.6813 0.0278 0.1859 0.3543 0.2514 0.3699 0.1571 0.6018 0.8148 0.7226 0.0263 0.6643 0.5289 0.4000 0.0083 0.0510 0.3813 0.2191 0.7782 0.2990 0.6312 0.3984 0.1705 0.3603 0.9423 0.3165 0.9011 0.2682 0.4317 0.1022 0.4180 0.4376 0.9357 0.0495 0.6583 0.0412 0.9965 0.2007 0.9009 0.4989 0.9138
45 45
16.4463
0.2660 0.0456 0.6051 0.8636 0.4257 0.9005 0.0014 0.3167 0.4145 0.0456 0.0102 0.4167 0.5757 0.4925 0.8460 0.1979 0.8916 0.8600 0.9400 0.6064 0.0732 0.3825 0.5030 0.4263 0.0016 0.5789 0.1351 0.2981 0.3643 0.1816 0.6290 0.8844 0.1999 0.9516 0.1461 0.9724 0.9276 0.5385 0.3701 0.5755 0.5834 0.9381 0.8614 0.7384 0.4282
50 50
0.0000
0.0000 0.0000 0.0000 0.0000 0.0000 0.0000 0.0000 0.0000 0.0000 0.0000 0.0000 0.0000 0.0000 0.0000 0.0000 0.0000 0.0000 0.0000 0.0000 0.0000 0.0000 0.0000 0.0000 0.0000 0.0000 0.0000 0.0000 0.0000 0.0000 0.0000 0.0000 0.0000 0.0000 0.0000 0.0000 0.0000 0.0000 0.0000 0.0000 0.0000 0.0000 0.0000 0.0000 0.0000 0.0000 0.0000 0.0000 0.0000 0.0000 0.0000
49 49
15.6402
0.9078 0.2310 0.4461 0.6109 0.7924 0.6044 0.1529 0.0467 0.2690 0.1515 0.6830 0.7799 0.8901 0.8424 0.9379 0.3243 0.4772 0.2706 0.9874 0.5047 0.7059 0.7919 0.8108 0.0208 0.9673 0.9725 0.3472 0.6593 0.0660 0.2042 0.2536 0.3805 0.8639 0.4339 0.1642 0.9315 0.7978 0.4993 0.6897 0.2809 0.2370 0.7641 0.6211 0.7134 0.6307 0.2687 0.9579 0.8576 0.7172
46 46
18.1540
0.9247 0.8836 0.2316 0.3541 0.4298 0.9266 0.8126 0.0782 0.2707 0.9290 0.8271 0.8044 0.2681 0.6518 0.7646 0.1535 0.8879 0.9709 0.0960 0.9267 0.4575 0.3307 0.1304 0.5785 0.1936 0.3626 0.9636 0.8483 0.9736 0.3497 0.2602 0.3421 0.6377 0.0565 0.3884 0.0438 0.8012 0.1874 0.1737 0.8702 0.7529 0.9582 0.2743 0.6814 0.2117 0.6494
48 48
25.1928
0.3848 0.3957 0.3948 0.4251 0.9154 0.5238 0.1459 0.4034 0.4316 0.3276 0.4911 0.8187 0.4685 0.0366 0.2255 0.1255 0.8362 0.7641 0.3102 0.2899 0.6032 0.5375 0.0371 0.0301 0.2254 0.2402 0.0042 0.9551 0.5259 0.7497 0.9870 0.0033 0.6948 0.4799 0.3564 0.2910 0.5041 0.1901 0.3508 0.5323 0.0952 0.8951 0.2001 0.7512 0.3519 0.0281 0.7531 0.5739
50 50
0.0050
0.9999 0.9999 0.9999 0.9999 0.9999 0.9999 0.9999 0.9999 0.9999 0.9999 0.9999 0.9999 0.9999 0.9999 0.9999 0.9999 0.9999 0.9999 0.9999 0.9999 0.9999 0.9999 0.9999 0.9999 0.9999 0.9999 0.9999 0.9999 0.9999 0.9999 0.9999 0.9999 0.9999 0.9999 0.9999 0.9999 0.9999 0.9999 0.9999 0.9999 0.9999 0.9999 0.9999 0.9999 0.9999 0.9999 0.9999 0.9999 0.9999 0.9999
49 49
18.6047
0.2126 0.1477 0.2652 0.9374 0.3298 0.5505 0.7416 0.8159 0.4208 0.5476 0.0490 0.8273 0.6028 0.3187 0.8915 0.9930 0.7054 0.3525 0.1020 0.0253 0.4643 0.9354 0.4237 0.8592 0.0526 0.1685 0.4592 0.6944 0.7602 0.3443 0.6675 0.6579 0.7447 0.9615 0.3426 0.9401 0.9608 0.3276 0.7737 0.0285 0.6481 0.7755 0.2448 0.1354 0.1889 0.6022 0.6941 0.5503 0.6511
46 46
19.7345
0.2752 0.0859 0.7824 0.4163 0.2419 0.6833 0.8495 0.3943 0.0917 0.8677 0.7915 0.7438 0.8886 0.3245 0.1438 0.5520 0.7097 0.2132 0.8716 0.6499 0.4737 0.4193 0.3642 0.2393 0.4980 0.9891 0.5200 0.1157 0.9230 0.9104 0.2183 0.8257 0.8671 0.6804 0.7358 0.2607 0.2161 0.2225 0.4316 0.8500 0.0553 0.1513 0.9461 0.3616 0.7314 0.0715
49 49
17.6415
0.4331 0.0242 0.1644 0.0140 0.4648 0.9753 0.5753 0.6782 0.0032 0.5780 0.4233 0.9965 0.5817 0.6756 0.5838 0.6120 0.4836 0.5582 0.0299 0.7079 0.5969 0.8176 0.6571 0.5196 0.4460 0.7448 0.0412 0.4711 0.3130 0.2429 0.1265 0.9935 0.7825 0.8598 0.6357 0.9066 0.3402 0.5306 0.7163 0.2068 0.2258 0.1617 0.4863 0.1752 0.7448 0.1408 0.8936 0.6368 0.4326
49 49
17.8435
0.9358 0.2603 0.0559 0.7336 0.6971 0.5124 0.3740 0.3542 0.2035 0.6833 0.7209 0.5863 0.9831 0.7323 0.3850 0.8007 0.1694 0.9660 0.3164 0.2585 0.0954 0.7767 0.5197 0.1945 0.7978 0.0473 0.1432 0.9585 0.2257 0.8292 0.2013 0.9109 0.1978 0.1062 0.1633 0.6629 0.0877 0.5308 0.0404 0.7821 0.8991 0.0478 0.7348 0.8683 0.5779 0.6968 0.6727 0.2144 0.2949
49 49
15.4842
0.9774 0.3798 0.6019 0.5767 0.6565 0.7418 0.7516 0.9020 0.4014 0.2482 0.3814 0.9237 0.9423 0.5054 0.2137 0.4281 0.5131 0.9374 0.1117 0.4561 0.4487 0.2075 0.1838 0.5232 0.9819 0.2577 0.1922 0.6384 0.1957 0.0729 0.4219 0.4032 0.0170 0.1921 0.8563 0.9810 0.6874 0.8094 0.1405 0.1224 0.7666 0.8857 0.4733 0.6444 0.8251 0.9601 0.3747 0.5047 0.9207
48 48
19.1268
0.3803 0.5292 0.9127 0.6503 0.1221 0.8847 0.0290 0.4784 0.0215 0.0362 0.8583 0.8494 0.6159 0.5072 0.2785 0.5420 0.9736 0.6110 0.9782 0.8517 0.3537 0.4873 0.2730 0.6873 0.0763 0.9973 0.2819 0.1455 0.6754 0.0418 0.6449 0.5475 0.1540 0.0308 0.3086 0.9061 0.8260 0.2654 0.2772 0.3707 0.8826 0.7924 0.5026 0.6661 0.6763 0.0396 0.7749 0.9340
47 47
19.8246
0.0839 0.7492 0.0655 0.5526 0.0807 0.0384 0.1176 0.9226 0.6587 0.3128 0.4566 0.5875 0.4568 0.6695 0.3659 0.0263 0.2625 0.2607 0.1096 0.0882 0.4278 0.6558 0.4891 0.0482 0.3975 0.4262 0.9246 0.0754 0.3701 0.0207 0.5397 0.5701 0.8037 0.3508 0.8830 0.6167 0.3329 0.3883 0.9826 0.1029 0.4793 0.9983 0.1593 0.9099 0.3140 0.3445 0.6127
50 50
33.3350
0.3333 0.3333 0.3333 0.3333 0.3333 0.3333 0.3333 0.3333 0.3333 0.3333 0.3333 0.3333 0.3333 0.3333 0.3333 0.3333 0.3333 0.3333 0.3333 0.3333 0.3333 0.3333 0.3333 0.3333 0.3333 0.3333 0.3333 0.3333 0.3333 0.3333 0.3333 0.3333 0.3333 0.3333 0.3333 0.3333 0.3333 0.3333 0.3333 0.3333 0.3333 0.3333 0.3333 0.3333 0.3333 0.3333 0.3333 0.3333 0.3333 0.3333
2 2
0.5000
0.5000 0.5000
46 46
14.3077
0.3505 0.8613 0.8853 0.7957 0.9358 0.9788 0.9947 0.5023 0.5641 0.5392 0.6692 0.4628 0.8153 0.6216 0.1569 0.8926 0.3181 0.1767 0.4852 0.2504 0.8984 0.3005 0.6897 0.5667 0.1213 0.0386 0.2727 0.6109 0.9839 0.5429 0.5218 0.7980 0.9476 0.2993 0.0528 0.3023 0.1124 0.0449 0.6867 0.5479 0.2723 0.5567 0.9246 0.8848 0.5252 0.9504
45 45
3.5904
0.1847 0.4244 0.2692 0.9111 0.4520 0.7248 0.1036 0.9563 0.3655 0.3324 0.3308 0.5221 0.7398 0.8465 0.2361 0.1018 0.3892 0.3448 0.5127 0.1824 0.4581 0.8268 0.5776 0.4820 0.4568 0.6697 0.3085 0.7976 0.1272 0.2414 0.8075 0.3233 0.5679 0.4654 0.4972 0.3880 0.4465 0.6942 0.3252 0.3028 0.8945 0.7122 0.7715 0.4031 0.1720
50 50
1.0000
0.0000 0.0000 0.0000 0.0000 0.0000 0.0000 0.0000 0.0000 0.0000 0.0000 0.0000 0.0000 0.0000 0.0000 0.0000 0.0000 0.0000 0.0000 0.0000 0.0000 0.0000 0.0000 0.0000 0.0000 0.0000 0.0000 0.0000 0.0000 0.0000 0.0000 0.0000 0.0000 0.0000 0.0000 0.0000 0.0000 0.0000 0.0000 0.0000 0.0000 0.0000 0.0000 0.0000 0.0000 0.0000 0.0000 0.0000 0.0000 0.0000 0.0000
47 47
19.7667
0.9257 0.7845 0.8199 0.1567 0.3156 0.6165 0.4286 0.7990 0.3800 0.0059 0.9609 0.1173 0.1331 0.1480 0.3899 0.1512 0.7226 0.5889 0.7113 0.8095 0.0012 0.0570 0.0399 0.3050 0.8149 0.7318 0.3432 0.7056 0.4258 0.8387 0.7785 0.4227 0.7259 0.9631 0.0765 0.2433 0.0416 0.9633 0.0063 0.6688 0.9073 0.7782 0.1323 0.6123 0.0403 0.6482 0.2652
48 48
18.7548
0.2753 0.2055 0.8584 0.1427 0.6666 0.3591 0.5573 0.1546 0.4989 0.6631 0.5223 0.1686 0.7977 0.8871 0.1089 0.4778 0.7729 0.7278 0.1206 0.7376 0.7970 0.7987 0.1897 0.1092 0.2115 0.1669 0.9860 0.0881 0.0779 0.9303 0.3973 0.4727 0.3837 0.4236 0.9159 0.3654 0.2115 0.5851 0.4381 0.2696 0.3933 0.1015 0.8324 0.2385 0.1621 0.0594 0.1307 0.1960
50 50
22.8402
0.0879 0.7496 0.1753 0.4711 0.5138 0.9776 0.1624 0.9954 0.7984 0.4384 0.5551 0.2833 0.9095 0.4002 0.1846 0.3563 0.3804 0.9100 0.5724 0.0754 0.4339 0.7465 0.2787 0.9786 0.4579 0.8568 0.8566 0.8561 0.0472 0.3064 0.0876 0.5159 0.3688 0.2047 0.0643 0.2795 0.0908 0.9690 0.0325 0.2326 0.8283 0.0445 0.0046 0.8919 0.0372 0.4539 0.3001 0.0882 0.0535 0.6168
45 45
19.3267
0.5811 0.0779 0.0502 0.3114 0.8769 0.3112 0.0624 0.2055 0.7874 0.2367 0.3876 0.0794 0.3098 0.7114 0.6562 0.4536 0.8653 0.9383 0.9412 0.6931 0.3699 0.4751 0.9471 0.8545 0.8639 0.4611 0.6248 0.0536 0.6881 0.6322 0.6312 0.2846 0.3097 0.3389 0.0693 0.4888 0.1205 0.1275 0.0872 0.6059 0.8846 0.0559 0.4953 0.7407 0.4764
50 50
17.5101
0.7289 0.2278 0.2228 0.9773 0.1810 0.7700 0.3391 0.5791 0.0546 0.6424 0.6786 0.3117 0.5377 0.7766 0.5478 0.3691 0.9681 0.0680 0.5416 0.1008 0.4028 0.8732 0.8487 0.0885 0.7448 0.4949 0.5518 0.7539 0.8602 0.6814 0.3634 0.9758 0.0932 0.8261 0.3978 0.2671 0.9884 0.1529 0.5265 0.1531 0.5396 0.4082 0.3498 0.9893 0.8749 0.4656 0.5238 0.2395 0.2662 0.4289
50 50
1.0000
0.3333 0.3333 0.3333 0.3333 0.3333 0.3333 0.3333 0.3333 0.3333 0.3333 0.3333 0.3333 0.3333 0.3333 0.3333 0.3333 0.3333 0.3333 0.3333 0.3333 0.3333 0.3333 0.3333 0.3333 0.3333 0.3333 0.3333 0.3333 0.3333 0.3333 0.3333 0.3333 0.3333 0.3333 0.3333 0.3333 0.3333 0.3333 0.3333 0.3333 0.3333 0.3333 0.3333 0.3333 0.3333 0.3333 0.3333 0.3333 0.3333 0.3333
50 50
19.7819
0.6795 0.1525 0.3117 0.6551 0.2551 0.0309 0.0956 0.1620 0.3216 0.9419 0.5461 0.0746 0.8066 0.6877 0.1165 0.5664 0.8269 0.4844 0.7080 0.3864 0.7926 0.5097 0.3836 0.2086 0.5501 0.4797 0.7063 0.3282 0.2455 0.6566 0.8279 0.3057 0.6084 0.4050 0.3534 0.8160 0.2306 0.1928 0.2955 0.7926 0.9314 0.1906 0.8509 0.2404 0.6338 0.6241 0.0711 0.5884 0.0277 0.6289
4 4
1.3999
0.6000 0.7000 0.8000 0.5000
50 50
22.5133
0.2162 0.5530 0.1961 0.1305 0.8403 0.3413 0.3756 0.4077 0.6079 0.2826 0.4643 0.3362 0.4525 0.2555 0.6535 0.9507 0.1750 0.5395 0.5242 0.5380 0.6973 0.1347 0.8207 0.4559 0.7731 0.1369 0.9454 0.1879 0.8624 0.6512 0.6242 0.7026 0.4011 0.8710 0.4204 0.6166 0.1443 0.0471 0.8357 0.0323 0.6560 0.3151 0.1033 0.1690 0.5672 0.6589 0.4474 0.0360 0.5330 0.3339
50 50
50.0000
0.0000 0.0000 0.0000 0.0000 0.0000 0.0000 0.0000 0.0000 0.0000 0.0000 0.0000 0.0000 0.0000 0.0000 0.0000 0.0000 0.0000 0.0000 0.0000 0.0000 0.0000 0.0000 0.0000 0.0000 0.0000 0.0000 0.0000 0.0000 0.0000 0.0000 0.0000 0.0000 0.0000 0.0000 0.0000 0.0000 0.0000 0.0000 0.0000 0.0000 0.0000 0.0000 0.0000 0.0000 0.0000 0.0000 0.0000 0.0000 0.0000 0.0000
46 46
20.9189
0.5880 0.5697 0.5120 0.4230 0.1905 0.3289 0.1998 0.2115 0.2958 0.5822 0.6363 0.9109 0.7143 0.2214 0.4698 0.8773 0.6484 0.5765 0.5563 0.3499 0.5870 0.0440 0.6151 0.2463 0.2720 0.9652 0.3916 0.8851 0.4006 0.4570 0.9830 0.1883 0.1808 0.1640 0.5657 0.4065 0.4885 0.5843 0.1291 0.7947 0.5636 0.9163 0.4078 0.9279 0.4160 0.9674
1 1
0.5000
0.5000
45 45
17.8635
0.5622 0.9241 0.3950 0.1371 0.6376 0.5899 0.8914 0.7335 0.3982 0.2779 0.6278 0.1190 0.1392 0.2520 0.5636 0.2934 0.7796 0.5034 0.4538 0.4318 0.8038 0.1209 0.9258 0.3780 0.5534 0.5992 0.7124 0.4506 0.4290 0.0344 0.1191 0.7398 0.6364 0.0312 0.5574 0.4143 0.7869 0.9945 0.8986 0.1179 0.3358 0.4804 0.2285 0.5863 0.1545
50 50
0.0000
0.9999 0.9999 0.9999 0.9999 0.9999 0.9999 0.9999 0.9999 0.9999 0.9999 0.9999 0.9999 0.9999 0.9999 0.9999 0.9999 0.9999 0.9999 0.9999 0.9999 0.9999 0.9999 0.9999 0.9999 0.9999 0.9999 0.9999 0.9999 0.9999 0.9999 0.9999 0.9999 0.9999 0.9999 0.9999 0.9999 0.9999 0.9999 0.9999 0.9999 0.9999 0.9999 0.9999 0.9999 0.9999 0.9999 0.9999 0.9999 0.9999 0.9999
47 47
15.7816
0.3776 0.8528 0.4316 0.2545 0.6030 0.8484 0.2983 0.4453 0.8626 0.6191 0.9967 0.9124 0.8739 0.5118 0.5435 0.6751 0.3505 0.3230 0.1733 0.3133 0.3539 0.9679 0.4025 0.4557 0.0634 0.7315 0.1249 0.6815 0.6431 0.1998 0.7011 0.5015 0.9564 0.6166 0.8257 0.7415 0.9795 0.2258 0.5637 0.2952 0.5452 0.9761 0.0840 0.2988 0.1636 0.2890 0.0051
50 50
0.0000
0.8700 0.8700 0.8700 0.8700 0.8700 0.8700 0.8700 0.8700 0.8700 0.8700 0.8700 0.8700 0.8700 0.8700 0.8700 0.8700 0.8700 0.8700 0.8700 0.8700 0.8700 0.8700 0.8700 0.8700 0.8700 0.8700 0.8700 0.8700 0.8700 0.8700 0.8700 0.8700 0.8700 0.8700 0.8700 0.8700 0.8700 0.8700 0.8700 0.8700 0.8700 0.8700 0.8700 0.8700 0.8700 0.8700 0.8700 0.8700 0.8700 0.8700
46 46
16.7013
0.2009 0.7895 0.7772 0.2833 0.9568 0.0703 0.3823 0.0397 0.4655 0.2389 0.8664 0.8903 0.8029 0.3372 0.9499 0.4038 0.1239 0.3856 0.1825 0.3285 0.1378 0.7830 0.1066 0.4153 0.2258 0.6949 0.1235 0.5257 0.3858 0.7505 0.7824 0.9682 0.3677 0.8366 0.6107 0.3603 0.0643 0.8086 0.7251 0.3100 0.7199 0.6726 0.9325 0.3459 0.4189 0.3729
48 48
19.3353
0.1045 0.1872 0.0197 0.6682 0.3225 0.4753 0.8748 0.4380 0.0836 0.2718 0.9834 0.8794 0.4884 0.3998 0.8597 0.5474 0.2735 0.3973 0.3975 0.0420 0.7431 0.2842 0.3422 0.5235 0.2377 0.9163 0.7551 0.9174 0.6011 0.0878 0.4044 0.0878 0.9642 0.1798 0.2460 0.1428 0.7791 0.6185 0.2653 0.7863 0.6422 0.7963 0.7804 0.4012 0.7770 0.1611 0.0223 0.6141
46 46
18.8060
0.6098 0.2117 0.9407 0.1535 0.9845 0.9555 0.3140 0.8467 0.4063 0.7785 0.7255 0.1088 0.2274 0.1316 0.0058 0.0343 0.0610 0.1165 0.6745 0.2039 0.6435 0.5674 0.1214 0.5219 0.9425 0.2507 0.1178 0.3091 0.8467 0.2009 0.0585 0.1296 0.0551 0.2111 0.9137 0.1140 0.8720 0.1648 0.8329 0.3547 0.9387 0.7202 0.4470 0.5209 0.6118 0.4404
46 46
21.5669
0.4547 0.1676 0.4109 0.8609 0.7874 0.1291 0.2673 0.2565 0.0445 0.1430 0.3788 0.0865 0.3299 0.5647 0.4235 0.5978 0.3613 0.9807 0.7041 0.0518 0.3439 0.7934 0.2221 0.0122 0.7146 0.1104 0.5853 0.7878 0.4286 0.7450 0.4839 0.4266 0.0056 0.5576 0.9186 0.9120 0.1361 0.5282 0.2574 0.0437 0.8227 0.2554 0.5219 0.0041 0.2558 0.1798
47 47
22.4718
0.8593 0.2091 0.8834 0.3844 0.6152 0.8450 0.4665 0.5892 0.0049 0.4058 0.3966 0.2235 0.5385 0.0876 0.1532 0.7143 0.8729 0.6811 0.2664 0.8873 0.1199 0.5904 0.9761 0.2669 0.7102 0.3465 0.1472 0.3840 0.6096 0.6336 0.2689 0.0844 0.2021 0.0888 0.7886 0.0916 0.0947 0.0148 0.1870 0.0983 0.4307 0.1541 0.7796 0.8916 0.9133 0.0172 0.1938
48 48
17.3265
0.2650 0.2690 0.2222 0.0845 0.3098 0.2915 0.9139 0.3029 0.3872 0.8178 0.0037 0.1435 0.4053 0.0556 0.2215 0.6827 0.0659 0.4673 0.3499 0.0094 0.3396 0.1139 0.5353 0.6465 0.1366 0.8613 0.7564 0.4447 0.4139 0.6545 0.9703 0.8450 0.9482 0.5944 0.4284 0.6829 0.6834 0.3662 0.8929 0.8758 0.2131 0.6849 0.7152 0.9024 0.0696 0.5904 0.2558 0.3600
49 49
2.2603
0.0852 0.5509 0.0706 0.6047 0.5352 0.6857 0.4266 0.4606 0.8561 0.1762 0.8378 0.7932 0.4856 0.4795 0.5095 0.6125 0.1329 0.2017 0.6873 0.7809 0.9229 0.8354 0.2869 0.7001 0.8491 0.8691 0.7961 0.5337 0.1679 0.2368 0.7213 0.5165 0.2062 0.7064 0.0739 0.3850 0.7444 0.5154 0.1160 0.4581 0.2235 0.7694 0.3545 0.3106 0.2831 0.6942 0.4379 0.5347 0.7481
50 50
0.0049
0.9999 0.9999 0.9999 0.9999 0.9999 0.9999 0.9999 0.9999 0.9999 0.9999 0.9999 0.9999 0.9999 0.9999 0.9999 0.9999 0.9999 0.9999 0.9999 0.9999 0.9999 0.9999 0.9999 0.9999 0.9999 0.9999 0.9999 0.9999 0.9999 0.9999 0.9999 0.9999 0.9999 0.9999 0.9999 0.9999 0.9999 0.9999 0.9999 0.9999 0.9999 0.9999 0.9999 0.9999 0.9999 0.9999 0.9999 0.9999 0.9999 0.9999
49 49
20.0363
0.6591 0.4276 0.3006 0.3377 0.5086 0.0542 0.1442 0.2318 0.0732 0.5719 0.5157 0.6610 0.4785 0.5361 0.7231 0.3695 0.6209 0.0602 0.7693 0.7280 0.9829 0.4106 0.5728 0.9213 0.0329 0.2885 0.1852 0.6876 0.3620 0.1061 0.2116 0.2156 0.7297 0.3057 0.5645 0.9412 0.5029 0.6334 0.5916 0.3462 0.7942 0.3715 0.3719 0.9315 0.6014 0.8898 0.9171 0.6080 0.0946
50 50
0.6901
0.1090 0.2108 0.7255 0.7287 0.1546 0.2187 0.2665 0.5983 0.0932 0.2215 0.2443 0.3483 0.9641 0.8091 0.1842 0.5154 0.0857 0.6196 0.6986 0.9438 0.0770 0.5160 0.7742 0.0507 0.0539 0.0863 0.1224 0.3337 0.6759 0.7744 0.6598 0.1761 0.3512 0.2791 0.3724 0.7951 0.8764 0.8928 0.5109 0.8265 0.3158 0.8871 0.7205 0.2683 0.8733 0.7417 0.6915 0.9318 0.9926 0.3303
49 49
15.5331
0.7755 0.6278 0.7662 0.7214 0.4675 0.7135 0.4449 0.6632 0.1742 0.9726 0.1430 0.9787 0.2668 0.1996 0.9685 0.1882 0.5956 0.7660 0.5138 0.3831 0.3210 0.0800 0.6326 0.2336 0.0806 0.7017 0.3324 0.4526 0.3029 0.1099 0.6899 0.6704 0.6331 0.0302 0.9321 0.7755 0.4470 0.6716 0.3404 0.3142 0.6618 0.7588 0.4726 0.9779 0.6470 0.7890 0.5896 0.5246 0.5556
48 48
17.3793
0.6757 0.3050 0.3952 0.3005 0.0242 0.4597 0.0928 0.4474 0.4112 0.7365 0.2793 0.0704 0.4647 0.1805 0.5552 0.6777 0.5182 0.1224 0.3700 0.0199 0.8077 0.3661 0.9937 0.9286 0.9795 0.3172 0.8970 0.2464 0.7188 0.9463 0.3183 0.2456 0.0477 0.4256 0.8235 0.6239 0.6454 0.8340 0.6406 0.6910 0.4441 0.7257 0.0279 0.4683 0.7196 0.5184 0.8466 0.0541
45 45
18.5917
0.3455 0.2673 0.2345 0.7688 0.3288 0.4322 0.4873 0.3326 0.1511 0.4192 0.9612 0.2366 0.2982 0.7460 0.8394 0.8896 0.4822 0.6645 0.2569 0.5797 0.9031 0.4951 0.9703 0.2897 0.6438 0.5627 0.1303 0.7904 0.2356 0.2175 0.7519 0.7299 0.2350 0.6579 0.4849 0.9142 0.9887 0.6970 0.4604 0.7416 0.3928 0.8991 0.1294 0.1823 0.0463
50 50
0.0000
0.8765 0.8765 0.8765 0.8765 0.8765 0.8765 0.8765 0.8765 0.8765 0.8765 0.8765 0.8765 0.8765 0.8765 0.8765 0.8765 0.8765 0.8765 0.8765 0.8765 0.8765 0.8765 0.8765 0.8765 0.8765 0.8765 0.8765 0.8765 0.8765 0.8765 0.8765 0.8765 0.8765 0.8765 0.8765 0.8765 0.8765 0.8765 0.8765 0.8765 0.8765 0.8765 0.8765 0.8765 0.8765 0.8765 0.8765 0.8765 0.8765 0.8765
46 46
15.0706
0.9013 0.5425 0.8549 0.2537 0.3081 0.3203 0.6002 0.0306 0.9152 0.7279 0.9625 0.3927 0.0760 0.0686 0.7013 0.2188 0.4335 0.2838 0.8252 0.1447 0.3889 0.7454 0.0825 0.0818 0.3112 0.9488 0.7174 0.4810 0.8240 0.6062 0.2397 0.7665 0.2806 0.3565 0.8046 0.8550 0.8104 0.1599 0.5066 0.0127 0.6175 0.9368 0.4441 0.9757 0.8558 0.1190
50 50
21.3888
0.7968 0.9788 0.5366 0.0972 0.2356 0.7192 0.6856 0.9066 0.2884 0.3559 0.3871 0.0623 0.0445 0.2305 0.5333 0.7345 0.5486 0.6067 0.0626 0.7836 0.6106 0.0975 0.2646 0.0735 0.7542 0.8023 0.1436 0.0234 0.1670 0.3085 0.9597 0.9159 0.9669 0.1255 0.6385 0.8750 0.8584 0.6530 0.3517 0.4713 0.1462 0.9271 0.7364 0.0698 0.3785 0.6479 0.3131 0.8850 0.2348 0.9693
4 4
0.0001
0.0000 0.0000 0.0000 0.0000
45 45
17.3916
0.0494 0.0829 0.1541 0.3012 0.6445 0.3549 0.2852 0.4451 0.2086 0.7395 0.3018 0.6516 0.6629 0.4811 0.2008 0.4216 0.1634 0.3524 0.2825 0.6094 0.6561 0.7750 0.3269 0.8058 0.4533 0.3190 0.0873 0.7890 0.8466 0.5508 0.5581 0.5469 0.3782 0.6939 0.4240 0.8593 0.4914 0.3981 0.5674 0.0417 0.8402 0.2670 0.8603 0.2847 0.2792
50 50
0.0000
0.3333 0.3333 0.3333 0.3333 0.3333 0.3333 0.3333 0.3333 0.3333 0.3333 0.3333 0.3333 0.3333 0.3333 0.3333 0.3333 0.3333 0.3333 0.3333 0.3333 0.3333 0.3333 0.3333 0.3333 0.3333 0.3333 0.3333 0.3333 0.3333 0.3333 0.3333 0.3333 0.3333 0.3333 0.3333 0.3333 0.3333 0.3333 0.3333 0.3333 0.3333 0.3333 0.3333 0.3333 0.3333 0.3333 0.3333 0.3333 0.3333 0.3333
48 48
15.7319
0.3052 0.6035 0.0493 0.1887 0.6040 0.7836 0.7212 0.1134 0.7023 0.1502 0.9905 0.7955 0.7237 0.6579 0.4902 0.5543 0.4477 0.6409 0.7989 0.6723 0.0275 0.8813 0.5239 0.8420 0.9503 0.4705 0.1713 0.0752 0.7362 0.0444 0.1113 0.8168 0.8205 0.6687 0.0486 0.8621 0.2199 0.0991 0.5033 0.1099 0.8554 0.7126 0.6187 0.9633 0.8998 0.8386 0.3329 0.5822
47 47
18.3216
0.6526 0.3921 0.5147 0.3731 0.3586 0.9936 0.8853 0.1988 0.5817 0.2359 0.0795 0.0071 0.2405 0.5076 0.6832 0.0036 0.3271 0.7696 0.2026 0.0985 0.1188 0.4293 0.8111 0.2278 0.9342 0.2921 0.4907 0.4611 0.7815 0.7120 0.9570 0.1645 0.8277 0.0562 0.9141 0.1257 0.6700 0.9050 0.0460 0.9498 0.5077 0.7263 0.1756 0.4378 0.1659 0.9310 0.7481
49 49
19.0702
0.4789 0.8177 0.8659 0.8958 0.2930 0.1369 0.3475 0.9289 0.5227 0.6575 0.6847 0.7063 0.9926 0.3073 0.6404 0.1262 0.5056 0.0604 0.3657 0.0935 0.7137 0.5420 0.6762 0.2772 0.0549 0.0189 0.8861 0.3993 0.2925 0.3773 0.5128 0.1946 0.0641 0.0253 0.6808 0.5026 0.2435 0.5058 0.0574 0.3948 0.2957 0.7636 0.7492 0.9051 0.7620 0.4795 0.5167 0.2690 0.6553
45 45
14.3313
0.7947 0.8258 0.6405 0.6252 0.3895 0.8638 0.9901 0.8874 0.0876 0.8093 0.2489 0.3469 0.9748 0.9912 0.5769 0.8973 0.6215 0.5393 0.6311 0.5476 0.3117 0.7950 0.2299 0.9293 0.4586 0.6226 0.6582 0.7283 0.2563 0.3867 0.7647 0.0743 0.6855 0.9179 0.3343 0.2417 0.4261 0.0054 0.8925 0.9868 0.0889 0.9147 0.6211 0.2697 0.0198
47 47
17.4262
0.9328 0.6344 0.0450 0.2146 0.4552 0.4149 0.7777 0.2412 0.6386 0.5955 0.2706 0.0454 0.2401 0.6541 0.4089 0.8044 0.4997 0.9804 0.3355 0.0009 0.2339 0.9109 0.5425 0.5931 0.8885 0.4178 0.8204 0.0132 0.6541 0.5045 0.1313 0.1581 0.8346 0.6354 0.8591 0.1284 0.5155 0.1292 0.9087 0.4752 0.4807 0.1581 0.4421 0.1332 0.5480 0.1768 0.4784
50 50
19.0759
0.9621 0.7742 0.5973 0.3604 0.9868 0.1593 0.3546 0.0336 0.7426 0.1995 0.0992 0.9516 0.1075 0.5655 0.4385 0.6130 0.5756 0.2050 0.1454 0.8026 0.3147 0.5261 0.8911 0.9889 0.1893 0.6981 0.1654 0.2706 0.8933 0.1399 0.9740 0.3761 0.3481 0.1326 0.2281 0.4470 0.1337 0.7179 0.9460 0.7178 0.0692 0.9095 0.5597 0.1410 0.1810 0.0157 0.2964 0.9594 0.8945 0.7004
47 47
2.2784
0.8419 0.6483 0.1028 0.1539 0.1664 0.9917 0.9963 0.1277 0.7586 0.1637 0.3553 0.3204 0.9056 0.2816 0.0239 0.3084 0.6506 0.7939 0.5519 0.7511 0.1902 0.8156 0.3635 0.8489 0.4495 0.1427 0.3364 0.6641 0.0708 0.9042 0.2346 0.8840 0.1305 0.4923 0.7958 0.9460 0.4354 0.1259 0.1370 0.9770 0.1005 0.6852 0.6587 0.8278 0.6562 0.5550 0.8193
46 46
15.3871
0.7880 0.2173 0.1147 0.7593 0.8820 0.6174 0.7520 0.6471 0.5707 0.0281 0.5519 0.6484 0.9603 0.9092 0.2017 0.4448 0.0703 0.5398 0.8698 0.0601 0.2923 0.5635 0.0163 0.8934 0.3785 0.5418 0.0894 0.8253 0.0504 0.6278 0.8505 0.3273 0.3694 0.8815 0.9416 0.3338 0.4279 0.6927 0.7673 0.2328 0.8376 0.2551 0.4920 0.7320 0.5238 0.6725
49 49
25.0595
0.9014 0.1269 0.2678 0.1899 0.6454 0.9894 0.8877 0.0100 0.9093 0.8287 0.3861 0.1788 0.5255 0.2788 0.5935 0.9730 0.7363 0.6301 0.2498 0.0380 0.6701 0.3269 0.2201 0.6393 0.0970 0.0067 0.0058 0.6033 0.7380 0.8872 0.8798 0.5760 0.7693 0.6035 0.8068 0.2244 0.5555 0.2567 0.0603 0.2052 0.7063 0.2804 0.5125 0.0137 0.6218 0.6942 0.7327 0.3795 0.4177
47 47
15.6981
0.9346 0.2039 0.0216 0.3036 0.9500 0.2597 0.8205 0.9042 0.4723 0.6106 0.3662 0.8314 0.4993 0.1303 0.2479 0.8455 0.6296 0.9929 0.8606 0.7862 0.3009 0.4577 0.6943 0.5080 0.5054 0.5573 0.4407 0.0732 0.2142 0.0357 0.1856 0.6229 0.8541 0.1323 0.0652 0.8154 0.0161 0.7781 0.8489 0.7916 0.5169 0.4261 0.1871 0.9529 0.7999 0.1857 0.9934
1 1
0.0000
1.0000
47 47
23.8290
0.7471 0.9346 0.4438 0.4215 0.1403 0.4264 0.0110 0.2432 0.3005 0.9014 0.0591 0.5925 0.9334 0.0704 0.1098 0.8405 0.7422 0.0140 0.9637 0.0390 0.1213 0.1408 0.6341 0.5513 0.2488 0.0754 0.4044 0.2048 0.8825 0.5003 0.1670 0.5030 0.4750 0.1822 0.0146 0.7477 0.6606 0.5143 0.7532 0.4316 0.3053 0.5052 0.9145 0.5111 0.4570 0.9355 0.4847
46 46
15.0615
0.4003 0.7883 0.9575 0.1868 0.7920 0.5207 0.2925 0.8062 0.1825 0.3114 0.6442 0.7976 0.7537 0.8931 0.0954 0.6345 0.8848 0.5234 0.6912 0.5555 0.5709 0.7574 0.4494 0.9225 0.4304 0.9378 0.5686 0.8185 0.2895 0.2309 0.3926 0.8305 0.3245 0.5983 0.1246 0.9111 0.3631 0.1704 0.5079 0.8397 0.1840 0.9692 0.0145 0.8117 0.0601 0.9873
46 46
23.2092
0.9767 0.0343 0.8648 0.0323 0.9277 0.9376 0.7469 0.5804 0.9121 0.0395 0.4934 0.4162 0.1634 0.1050 0.7896 0.6323 0.5325 0.4557 0.5532 0.0558 0.1118 0.8454 0.0857 0.9334 0.0389 0.5924 0.7824 0.0430 0.8864 0.2807 0.3606 0.1729 0.2912 0.3795 0.1222 0.2893 0.2950 0.4936 0.8133 0.7395 0.1232 0.6802 0.3197 0.8274 0.6706 0.0782
47 47
19.4656
0.6550 0.3903 0.1399 0.0073 0.0418 0.8001 0.1792 0.3518 0.3369 0.6401 0.8544 0.0924 0.9851 0.3895 0.6509 0.1839 0.9868 0.2245 0.5015 0.1528 0.7782 0.0708 0.3839 0.8210 0.4836 0.3811 0.5900 0.8677 0.0708 0.6544 0.7331 0.5755 0.5777 0.2422 0.3790 0.8469 0.6823 0.3372 0.8849 0.7798 0.4262 0.5340 0.6831 0.7687 0.3902 0.5309 0.7738
2 2
0.0000
1.0000 1.0000
50 50
0.0000
1.0000 1.0000 1.0000 1.0000 1.0000 1.0000 1.0000 1.0000 1.0000 1.0000 1.0000 1.0000 1.0000 1.0000 1.0000 1.0000 1.0000 1.0000 1.0000 1.0000 1.0000 1.0000 1.0000 1.0000 1.0000 1.0000 1.0000 1.0000 1.0000 1.0000 1.0000 1.0000 1.0000 1.0000 1.0000 1.0000 1.0000 1.0000 1.0000 1.0000 1.0000 1.0000 1.0000 1.0000 1.0000 1.0000 1.0000 1.0000 1.0000 1.0000
47 47
15.3714
0.8434 0.3141 0.3640 0.8377 0.7159 0.0308 0.6807 0.4047 0.8493 0.2502 0.3584 0.4560 0.3376 0.9221 0.3489 0.0255 0.8348 0.8022 0.6454 0.6366 0.4802 0.6439 0.7139 0.9274 0.0911 0.2346 0.5052 0.4388 0.8254 0.6482 0.1354 0.5942 0.1594 0.6900 0.5095 0.9329 0.7837 0.7505 0.0654 0.1866 0.5968 0.0348 0.1085 0.8517 0.8748 0.8786 0.1832
47 47
0.5837
0.6248 0.5064 0.8463 0.3793 0.3154 0.2637 0.7167 0.5026 0.5646 0.4740 0.8867 0.7335 0.7619 0.7970 0.4096 0.8738 0.6696 0.2916 0.0343 0.1291 0.1457 0.7012 0.8283 0.3682 0.1213 0.3602 0.9918 0.9160 0.0304 0.5373 0.6048 0.6131 0.5956 0.2756 0.4186 0.5603 0.2976 0.8003 0.3950 0.6586 0.8207 0.4499 0.8177 0.7741 0.9137 0.0082 0.7999
47 47
19.0089
0.4394 0.9423 0.1100 0.7101 0.0408 0.0295 0.1396 0.8407 0.1316 0.8403 0.1361 0.3382 0.5519 0.2709 0.0659 0.0258 0.5576 0.5761 0.1233 0.4809 0.4274 0.3560 0.0121 0.4376 0.4063 0.0487 0.0547 0.8806 0.4999 0.8270 0.0874 0.3450 0.1461 0.3925 0.8235 0.4999 0.7479 0.5350 0.5073 0.9448 0.7123 0.8626 0.4703 0.3406 0.9642 0.6788 0.6772
45 45
16.5886
0.7089 0.4301 0.7142 0.6125 0.8411 0.3352 0.9387 0.6689 0.2725 0.4274 0.3316 0.9962 0.1701 0.0791 0.1507 0.4558 0.7813 0.2960 0.7945 0.1350 0.0171 0.6367 0.6915 0.6187 0.7355 0.9850 0.1790 0.8693 0.0121 0.2768 0.8660 0.5907 0.7908 0.1314 0.7292 0.7236 0.3598 0.5998 0.3810 0.3101 0.2556 0.5666 0.1628 0.4593 0.7447
1 1
0.3333
0.5000
1 1
0.3333
0.0000
49 49
18.7745
0.9563 0.1431 0.7839 0.4370 0.4972 0.0602 0.9123 0.7695 0.9123 0.6089 0.5215 0.2214 0.7753 0.5743 0.0722 0.3029 0.4156 0.7471 0.7398 0.6012 0.4656 0.4603 0.2080 0.0398 0.6739 0.8063 0.7759 0.5287 0.0915 0.3717 0.2578 0.4133 0.4704 0.9530 0.7018 0.0787 0.3888 0.1336 0.1847 0.5597 0.4594 0.5285 0.1060 0.4330 0.2457 0.0662 0.5704 0.8363 0.7863
